64	死神魚		216	22	4752	45
16	吊人魚		216	22	4752	45
46	正義魚		216	22	4752	45
17	隱士魚		216	22	4752	45
46	力量魚		216	22	4752	45
12	戰車魚		216	22	4752	45
100	戀人魚		216	22	4752	45
93	教宗魚		216	22	4752	45
95	皇帝魚		216	22	4752	45
39	皇后魚		216	22	4752	45
44	女祭師魚		216	22	4752	45
18	魔法師魚		216	22	4752	45
19	愚者魚		216	22	4752	45
101	命運之輪魚	216	22	4752	45
45	射手魚		168	22	3696	40

88	燈球阿土妹	148	30	4440	33
89	燈球小草莓	148	30	4440	33
63	世界魚		216	22	4752	45
30	審判魚		216	22	4752	45
14 	太陽魚		216	22	4752	45
67 	月亮魚		216	22	4752	45
66	星星魚		216	22	4752	45
84	高塔魚		216	22	4752	45
15	惡魔魚		216	22	4752	45
77	節制魚		216	22	4752	45
4	魟魚		177	25	4425	36

58	燈球安娜蘇	148	30	4440	33
73	燈球小薄荷	148	30	4440	33
76	燈球蘇打綠	148	30	4440	33
87	燈球小檸檬	148	30	4440	33
7	藍雷魚		160	20	3200	33	*

50	金波子碧		140	30	4200	33
8	虎鯨		166	23	3818	32	*
62	火舞魚橙		200	20	4000	32	*
26	火舞魚綠		190	20	3800	32	*
10	火舞魚黑		180	20	3600	32










80	怪盜魚白		125	30	3750	31	*
68	怪盜魚綠		125	30	3750	31	*
53	雪精靈魚		143	24	3432	30


96	煙花魚		118	30	3540	26
57	燈球小桃桃	125	30	3750	27	*
43	黃線球球魚	145	24	3480	26
41	藍線球球魚	145	24	3480	26
40	南瓜糖魚		125	28	3500	26
33	蛋黃月餅魚	120	30	3600	26	*
61	黑斑扇尾魚	135	26	3510	28
52	小畫家魚藍	145	25	3625	29	*
2	小畫家魚粉	145	25	3625	28	*
22	法羅魚		145	25	3625	29	*
47	赤翼飛魚		178	25	4450	28	*
99	綠小班魚		118	16	1888	27
3	雞腿魚		135	24	3240	31
24 	象鼻魚藍		138	30	4140	26	*
25	鬥魚金		175	18	3150	28
42	雲朵魚		139	22	3058	29
21	大黑鯊		165	22	3630	29	*
11	大紫鯊		165	20	3300	29
13	白海豚		160	20	3200	28


98	大咖小馬魚	112	28	3136	26
91	雪人魚		131	26	3406	26
72	王子魚		80	40	3200	24
9	蜜桃糖魚		130	28	3640	25	*
23	薄荷糖魚		123	28	3444	26
78	魔法101		150	28	4200	24	*
82	金星灣灣魚	118	28	3304	26
81	紅心灣灣魚	118	28	3304	26
79	糖果灣灣魚	118	28	3304	26
1 	粽子魚		136	25	3400	26
5	鬼頭刀魚		130	24	3120	25
29	甜蜜蛋糕魚	125	24	3000	25
6	靈蛇魚		128	24	3072	26
36	草莓魚		115	25	2875	26


54	印度舞娘魚	130	23	2990	24
69	殭屍魚仔黃	100	30	3000	24
70	殭屍魚仔紫	100	30	3000	23
28	西瓜魚		134	22	2948	23
20	長笛魚		200	18	3600	23	*
65	小提琴魚		200	18	3600	23	*
83	手風琴魚		200	18	3600	23	*
37	小號魚		200	18	3600	23	*
71	鼓手魚		200	18	3600	23	*
31	南瓜魚		118	24	2832	24
32	鈴鐺魚		120	24	2880	24
34	粉毛毛魚		115	22	2530	23
35	藍毛毛魚		115	22	2530	23
97	極光緞魚		128	18	2304	23
38	桃花魚碧		520	6	3120	21
27	桃花魚粉		520	6	3120	21
90	馴鹿魚		289	4	1156	9
94	貝克漢魚		58	30	1740	20
48	蘋果魚綠		300	9	2700	21
55	蘋果魚紅		300	9	2700	21
49	龍魚銀		122	20	2440	21
85	綠橘子魚		125	20	2500	24
86	地瓜丸魚		50	36	1800	17
74	尖嘴魚黑		12	25	300	10
56	虎紋魚		40	36	1440	21
75	粉七帶豬齒魚	40	25	1000	18
92	七星刀魚		20	25	500	15
59	綠高鰭刺尾魚	20	30	600	15
60	粉帝王燈魚	10	23	230	9