1	粽子魚		136	25	26
2	小畫家魚粉	145	25	28
3	雞腿魚		135	24	31
4	魟魚		177	25	36
5	鬼頭刀魚		130	24	25
6	靈蛇魚		128	24	26
7	藍雷魚		160	20	33
8	虎鯨		166	23	32
9	蜜桃糖魚		130	28	25
10	火舞魚黑		180	20	32
11	大紫鯊		165	20	29
12	戰車魚		216	22	45
13	白海豚		160	20	28
14	太陽魚		216	22	45
15	惡魔魚		216	22	45
16	吊人魚		216	22	45
17	隱士魚		216	22	45
18	魔法師魚		216	22	45
19	愚者魚		216	22	45
20	長笛魚		200   	18	23
21	大黑鯊		165	22	29
22	法羅魚		145	25	29
23	薄荷糖魚		123	28	26
24	象鼻魚藍		138   	30    	26
25	鬥魚金		175   	18    	28
26	火舞魚綠		190	20	32
27	桃花魚粉		520	6	21
28	西瓜魚		134	22	23
29	甜蜜蛋糕魚	125	24	25
30	審判魚		216	22	45
31	南瓜魚		118	24	24
32	鈴鐺魚		120	24	24
33	蛋黃月餅魚	120	30	26
34	粉毛毛魚		115	22	23
35	藍毛毛魚		115	22	23
36	草莓魚		115	25	26
37	小號魚		200	18	23
38	桃花魚碧		520	6	21
39	皇后魚		216	22	45
40	南瓜糖魚		125	28	26
41	藍線球球魚	145	24	26
42	雲朵魚		139	22	29
43	黃線球球魚	145	24	26
44	女祭師魚		216	22	45
45	射手魚		168	22	40
46	正義魚		216	22	45
47	赤翼飛魚		178	25	28
48	蘋果魚綠		300	9	21
49	龍魚銀		122	20	21
50	金波子碧		140	30	33
51	力量魚		216	22	45
52	小畫家魚藍	145	25	29
53	雪精靈魚		143	24	30
54	印度舞娘魚	130	23	24
55	蘋果魚紅		300	9	21		
56	虎紋魚		40	36	21
57	燈球小桃桃	125	30	27
58	燈球安娜蘇	148	30	33
59	綠高鰭刺尾魚	20	30	15
60	粉帝王燈魚	10	23	9
61	黑斑扇尾魚	135	26	28
62	火舞魚橙		200	20	32
63	世界魚		216	22	45
64	死神魚		216	22	45
65	小提琴魚		200	18	23
66	星星魚		216	22	45
67	月亮魚		216	22	45
68	怪盜魚綠		125	30	31
69	殭屍魚仔黃	100	30	24
70	殭屍魚仔紫	100	30	23
71	鼓手魚		200	18	23
72	王子魚		80	40	24
73	燈球小薄荷	148	30	33
74	尖嘴魚黑		12	25	10
75	粉七帶豬齒魚	40	25	18
76	燈球蘇打綠	148	30	33
77	節制魚		216	22	45
78	魔法101		150	28	24
79	糖果灣灣魚	118	28	26
80	怪盜魚白		125	30	31
81	紅心灣灣魚	118	28	26
82	金星灣灣魚	118	28	26
83	手風琴魚		200	18	23
84	高塔魚		216	22	45
85	綠橘子魚		125	20	24
86	地瓜丸魚		50	36	17
87	燈球小檸檬	148	30	33
88	燈球阿土妹	148	30	33
89	燈球小草莓	148	30	33
90	馴鹿魚		289	4	9
91	雪人魚		131	26	26
92	七星刀魚		20	25	15
93	教宗魚		216	22	45
94	貝克漢魚		58	30	20
95	皇帝魚		216	22	45
96	煙花魚		118	30	26
97	極光緞魚		128	18	23
98	大咖小馬魚	112	28	26
99	綠小班魚		118	16	27
100	戀人魚		216	22	45
101	命運之輪魚	216	22	45